Log file created at: 2017/07/18 10:32:24
Running on machine: macbook
Binary: Built with gc go1.8.1 for darwin/amd64
Log line format: [IWEF]mmdd hh:mm:ss.uuuuuu threadid file:line] msg
I0718 10:32:24.341413   13676 main.go:17] wechat-service start
I0718 10:32:30.876327   13676 createHandler.go:44] >>> [SessionCreate] Request json data = [&{1 [map[group:测试 keywords:[map[text:http://qyq.xoyo.com/h5/download/?app_id=XYd0ogCwfB4wYCqdikYooVe img: keyword:麻将]]]] 6}]
I0718 10:32:31.457592   13676 createHandler.go:61] >>> [SessionCreate] UserID 6's uuid = wapQBv7FZA== && qrcode = https://login.weixin.qq.com/qrcode/wapQBv7FZA==
I0718 10:32:31.457709   13676 session.go:140] >>> [InitSession] Group [测试] keyword configs = [[{测试 [{麻将 http://qyq.xoyo.com/h5/download/?app_id=XYd0ogCwfB4wYCqdikYooVe }]}]]
I0718 10:32:54.458813   13676 loginHandler.go:40] >>> [LoginScan] request json data = [&{2 6}]
I0718 10:32:54.687270   13676 session.go:224] >>> [LoginPolling] sec3 WebwxLogin success, uuid = wapQBv7FZA==
I0718 10:32:56.208268   13676 session.go:317] >>> [Serve] Looping start userID = 6
I0718 10:33:06.354126   13676 session.go:332] >>> [Serve] SyncCheck new message get, ret = 0 && selector = 0 userID = 6
I0718 10:33:07.344701   13676 session.go:332] >>> [Serve] SyncCheck new message get, ret = 0 && selector = 0 userID = 6
I0718 10:33:10.860145   13676 session.go:332] >>> [Serve] SyncCheck new message get, ret = 0 && selector = 2 userID = 6
I0718 10:33:11.861961   13676 session.go:343] >>> Message = [[123 10 34 66 97 115 101 82 101 115 112 111 110 115 101 34 58 32 123 10 34 82 101 116 34 58 32 48 44 10 34 69 114 114 77 115 103 34 58 32 34 34 10 125 10 44 10 34 65 100 100 77 115 103 67 111 117 110 116 34 58 32 49 44 10 34 65 100 100 77 115 103 76 105 115 116 34 58 32 91 123 10 34 77 115 103 73 100 34 58 32 34 53 54 56 56 54 49 52 53 51 53 53 53 50 54 48 49 52 53 52 34 44 10 34 70 114 111 109 85 115 101 114 78 97 109 101 34 58 32 34 64 48 98 56 102 57 50 54 54 52 57 98 49 102 97 51 54 48 97 97 56 99 51 50 50 97 53 101 100 53 100 97 52 34 44 10 34 84 111 85 115 101 114 78 97 109 101 34 58 32 34 64 64 97 48 48 56 100 48 100 101 48 50 51 56 49 52 56 99 48 48 54 100 98 56 52 56 50 56 54 99 100 54 100 101 50 99 52 50 97 102 53 99 54 99 102 56 101 55 102 56 48 56 53 57 56 98 57 57 50 52 48 55 102 97 55 99 34 44 10 34 77 115 103 84 121 112 101 34 58 32 53 49 44 10 34 67 111 110 116 101 110 116 34 58 32 34 34 44 10 34 83 116 97 116 117 115 34 58 32 51 44 10 34 73 109 103 83 116 97 116 117 115 34 58 32 49 44 10 34 67 114 101 97 116 101 84 105 109 101 34 58 32 49 53 48 48 51 52 53 49 57 48 44 10 34 86 111 105 99 101 76 101 110 103 116 104 34 58 32 48 44 10 34 80 108 97 121 76 101 110 103 116 104 34 58 32 48 44 10 34 70 105 108 101 78 97 109 101 34 58 32 34 34 44 10 34 70 105 108 101 83 105 122 101 34 58 32 34 34 44 10 34 77 101 100 105 97 73 100 34 58 32 34 34 44 10 34 85 114 108 34 58 32 34 34 44 10 34 65 112 112 77 115 103 84 121 112 101 34 58 32 48 44 10 34 83 116 97 116 117 115 78 111 116 105 102 121 67 111 100 101 34 58 32 50 44 10 34 83 116 97 116 117 115 78 111 116 105 102 121 85 115 101 114 78 97 109 101 34 58 32 34 64 64 97 48 48 56 100 48 100 101 48 50 51 56 49 52 56 99 48 48 54 100 98 56 52 56 50 56 54 99 100 54 100 101 50 99 52 50 97 102 53 99 54 99 102 56 101 55 102 56 48 56 53 57 56 98 57 57 50 52 48 55 102 97 55 99 34 44 10 34 82 101 99 111 109 109 101 110 100 73 110 102 111 34 58 32 123 10 34 85 115 101 114 78 97 109 101 34 58 32 34 34 44 10 34 78 105 99 107 78 97 109 101 34 58 32 34 34 44 10 34 81 81 78 117 109 34 58 32 48 44 10 34 80 114 111 118 105 110 99 101 34 58 32 34 34 44 10 34 67 105 116 121 34 58 32 34 34 44 10 34 67 111 110 116 101 110 116 34 58 32 34 34 44 10 34 83 105 103 110 97 116 117 114 101 34 58 32 34 34 44 10 34 65 108 105 97 115 34 58 32 34 34 44 10 34 83 99 101 110 101 34 58 32 48 44 10 34 86 101 114 105 102 121 70 108 97 103 34 58 32 48 44 10 34 65 116 116 114 83 116 97 116 117 115 34 58 32 48 44 10 34 83 101 120 34 58 32 48 44 10 34 84 105 99 107 101 116 34 58 32 34 34 44 10 34 79 112 67 111 100 101 34 58 32 48 10 125 10 44 10 34 70 111 114 119 97 114 100 70 108 97 103 34 58 32 48 44 10 34 65 112 112 73 110 102 111 34 58 32 123 10 34 65 112 112 73 68 34 58 32 34 34 44 10 34 84 121 112 101 34 58 32 48 10 125 10 44 10 34 72 97 115 80 114 111 100 117 99 116 73 100 34 58 32 48 44 10 34 84 105 99 107 101 116 34 58 32 34 34 44 10 34 73 109 103 72 101 105 103 104 116 34 58 32 48 44 10 34 73 109 103 87 105 100 116 104 34 58 32 48 44 10 34 83 117 98 77 115 103 84 121 112 101 34 58 32 48 44 10 34 78 101 119 77 115 103 73 100 34 58 32 53 54 56 56 54 49 52 53 51 53 53 53 50 54 48 49 52 53 52 44 10 34 79 114 105 67 111 110 116 101 110 116 34 58 32 34 34 10 125 10 93 44 10 34 77 111 100 67 111 110 116 97 99 116 67 111 117 110 116 34 58 32 49 44 10 34 77 111 100 67 111 110 116 97 99 116 76 105 115 116 34 58 32 91 123 10 34 85 115 101 114 78 97 109 101 34 58 32 34 64 64 97 48 48 56 100 48 100 101 48 50 51 56 49 52 56 99 48 48 54 100 98 56 52 56 50 56 54 99 100 54 100 101 50 99 52 50 97 102 53 99 54 99 102 56 101 55 102 56 48 56 53 57 56 98 57 57 50 52 48 55 102 97 55 99 34 44 10 34 78 105 99 107 78 97 109 101 34 58 32 34 230 181 139 232 175 149 34 44 10 34 83 101 120 34 58 32 48 44 10 34 72 101 97 100 73 109 103 85 112 100 97 116 101 70 108 97 103 34 58 32 49 44 10 34 67 111 110 116 97 99 116 84 121 112 101 34 58 32 48 44 10 34 65 108 105 97 115 34 58 32 34 34 44 10 34 67 104 97 116 82 111 111 109 79 119 110 101 114 34 58 32 34 64 48 98 56 102 57 50 54 54 52 57 98 49 102 97 51 54 48 97 97 56 99 51 50 50 97 53 101 100 53 100 97 52 34 44 10 34 72 101 97 100 73 109 103 85 114 108 34 58 32 34 47 99 103 105 45 98 105 110 47 109 109 119 101 98 119 120 45 98 105 110 47 119 101 98 119 120 103 101 116 104 101 97 100 105 109 103 63 115 101 113 61 48 38 117 115 101 114 110 97 109 101 61 64 64 97 48 48 56 100 48 100 101 48 50 51 56 49 52 56 99 48 48 54 100 98 56 52 56 50 56 54 99 100 54 100 101 50 99 52 50 97 102 53 99 54 99 102 56 101 55 102 56 48 56 53 57 56 98 57 57 50 52 48 55 102 97 55 99 38 115 107 101 121 61 64 99 114 121 112 116 95 100 49 101 99 52 102 101 50 95 57 49 56 56 56 99 101 57 48 52 50 99 50 49 53 50 52 101 48 102 97 49 50 48 97 100 55 51 101 48 100 49 34 44 10 34 67 111 110 116 97 99 116 70 108 97 103 34 58 32 50 44 10 34 77 101 109 98 101 114 67 111 117 110 116 34 58 32 49 44 10 34 77 101 109 98 101 114 76 105 115 116 34 58 32 91 123 10 34 85 105 110 34 58 32 48 44 10 34 85 115 101 114 78 97 109 101 34 58 32 34 64 48 98 56 102 57 50 54 54 52 57 98 49 102 97 51 54 48 97 97 56 99 51 50 50 97 53 101 100 53 100 97 52 34 44 10 34 78 105 99 107 78 97 109 101 34 58 32 34 77 46 116 34 44 10 34 65 116 116 114 83 116 97 116 117 115 34 58 32 57 56 51 51 57 44 10 34 80 89 73 110 105 116 105 97 108 34 58 32 34 34 44 10 34 80 89 81 117 97 110 80 105 110 34 58 32 34 34 44 10 34 82 101 109 97 114 107 80 89 73 110 105 116 105 97 108 34 58 32 34 34 44 10 34 82 101 109 97 114 107 80 89 81 117 97 110 80 105 110 34 58 32 34 34 44 10 34 77 101 109 98 101 114 83 116 97 116 117 115 34 58 32 48 44 10 34 68 105 115 112 108 97 121 78 97 109 101 34 58 32 34 34 44 10 34 75 101 121 87 111 114 100 34 58 32 34 34 10 125 10 93 44 10 34 72 105 100 101 73 110 112 117 116 66 97 114 70 108 97 103 34 58 32 48 44 10 34 83 105 103 110 97 116 117 114 101 34 58 32 34 34 44 10 34 86 101 114 105 102 121 70 108 97 103 34 58 32 48 44 10 34 82 101 109 97 114 107 78 97 109 101 34 58 32 34 34 44 10 34 83 116 97 116 117 101 115 34 58 32 49 44 10 34 65 116 116 114 83 116 97 116 117 115 34 58 32 48 44 10 34 80 114 111 118 105 110 99 101 34 58 32 34 34 44 10 34 67 105 116 121 34 58 32 34 34 44 10 34 83 110 115 70 108 97 103 34 58 32 48 44 10 34 75 101 121 87 111 114 100 34 58 32 34 34 10 125 10 93 44 10 34 68 101 108 67 111 110 116 97 99 116 67 111 117 110 116 34 58 32 48 44 10 34 68 101 108 67 111 110 116 97 99 116 76 105 115 116 34 58 32 91 93 44 10 34 77 111 100 67 104 97 116 82 111 111 109 77 101 109 98 101 114 67 111 117 110 116 34 58 32 48 44 10 34 77 111 100 67 104 97 116 82 111 111 109 77 101 109 98 101 114 76 105 115 116 34 58 32 91 93 44 10 34 80 114 111 102 105 108 101 34 58 32 123 10 34 66 105 116 70 108 97 103 34 58 32 48 44 10 34 85 115 101 114 78 97 109 101 34 58 32 123 10 34 66 117 102 102 34 58 32 34 34 10 125 10 44 10 34 78 105 99 107 78 97 109 101 34 58 32 123 10 34 66 117 102 102 34 58 32 34 34 10 125 10 44 10 34 66 105 110 100 85 105 110 34 58 32 48 44 10 34 66 105 110 100 69 109 97 105 108 34 58 32 123 10 34 66 117 102 102 34 58 32 34 34 10 125 10 44 10 34 66 105 110 100 77 111 98 105 108 101 34 58 32 123 10 34 66 117 102 102 34 58 32 34 34 10 125 10 44 10 34 83 116 97 116 117 115 34 58 32 48 44 10 34 83 101 120 34 58 32 48 44 10 34 80 101 114 115 111 110 97 108 67 97 114 100 34 58 32 48 44 10 34 65 108 105 97 115 34 58 32 34 34 44 10 34 72 101 97 100 73 109 103 85 112 100 97 116 101 70 108 97 103 34 58 32 48 44 10 34 72 101 97 100 73 109 103 85 114 108 34 58 32 34 34 44 10 34 83 105 103 110 97 116 117 114 101 34 58 32 34 34 10 125 10 44 10 34 67 111 110 116 105 110 117 101 70 108 97 103 34 58 32 48 44 10 34 83 121 110 99 75 101 121 34 58 32 123 10 34 67 111 117 110 116 34 58 32 57 44 10 34 76 105 115 116 34 58 32 91 123 10 34 75 101 121 34 58 32 49 44 10 34 86 97 108 34 58 32 54 53 52 48 50 52 57 55 55 10 125 10 44 123 10 34 75 101 121 34 58 32 50 44 10 34 86 97 108 34 58 32 54 53 52 48 50 53 49 49 50 10 125 10 44 123 10 34 75 101 121 34 58 32 51 44 10 34 86 97 108 34 58 32 54 53 52 48 50 52 57 53 54 10 125 10 44 123 10 34 75 101 121 34 58 32 49 49 44 10 34 86 97 108 34 58 32 54 53 52 48 50 53 49 49 49 10 125 10 44 123 10 34 75 101 121 34 58 32 49 51 44 10 34 86 97 108 34 58 32 54 53 52 48 50 48 49 51 50 10 125 10 44 123 10 34 75 101 121 34 58 32 50 48 49 44 10 34 86 97 108 34 58 32 49 53 48 48 51 52 53 49 57 48 10 125 10 44 123 10 34 75 101 121 34 58 32 50 48 51 44 10 34 86 97 108 34 58 32 49 53 48 48 51 52 53 49 56 55 10 125 10 44 123 10 34 75 101 121 34 58 32 49 48 48 48 44 10 34 86 97 108 34 58 32 49 53 48 48 51 51 57 54 48 50 10 125 10 44 123 10 34 75 101 121 34 58 32 49 48 48 49 44 10 34 86 97 108 34 58 32 49 53 48 48 51 51 57 54 51 51 10 125 10 93 10 125 10 44 10 34 83 75 101 121 34 58 32 34 34 44 10 34 83 121 110 99 67 104 101 99 107 75 101 121 34 58 32 123 10 34 67 111 117 110 116 34 58 32 57 44 10 34 76 105 115 116 34 58 32 91 123 10 34 75 101 121 34 58 32 49 44 10 34 86 97 108 34 58 32 54 53 52 48 50 52 57 55 55 10 125 10 44 123 10 34 75 101 121 34 58 32 50 44 10 34 86 97 108 34 58 32 54 53 52 48 50 53 49 49 50 10 125 10 44 123 10 34 75 101 121 34 58 32 51 44 10 34 86 97 108 34 58 32 54 53 52 48 50 52 57 53 54 10 125 10 44 123 10 34 75 101 121 34 58 32 49 49 44 10 34 86 97 108 34 58 32 54 53 52 48 50 53 49 49 49 10 125 10 44 123 10 34 75 101 121 34 58 32 49 51 44 10 34 86 97 108 34 58 32 54 53 52 48 50 48 49 51 50 10 125 10 44 123 10 34 75 101 121 34 58 32 50 48 49 44 10 34 86 97 108 34 58 32 49 53 48 48 51 52 53 49 57 48 10 125 10 44 123 10 34 75 101 121 34 58 32 50 48 51 44 10 34 86 97 108 34 58 32 49 53 48 48 51 52 53 49 56 55 10 125 10 44 123 10 34 75 101 121 34 58 32 49 48 48 48 44 10 34 86 97 108 34 58 32 49 53 48 48 51 51 57 54 48 50 10 125 10 44 123 10 34 75 101 121 34 58 32 49 48 48 49 44 10 34 86 97 108 34 58 32 49 53 48 48 51 51 57 54 51 51 10 125 10 93 10 125 10 10 125 10]]
I0718 10:33:11.863907   13676 session.go:365] >>> [Serve] FromUser = [@0b8f926649b1fa360aa8c322a5ed5da4] Message Content = [] userID = 6
